# unix_time, cycles_done, cur_path, paths_total, pending_total, pending_favs, map_size, unique_crashes, unique_hangs, max_depth, execs_per_sec
1587703392, 0, 0, 1, 1, 1, 0.47%, 0, 0, 1, 1333.33
1587703397, 0, 0, 14, 14, 1, 0.49%, 0, 0, 2, 1919.60
1587703412, 1, 9, 14, 10, 0, 0.49%, 0, 0, 2, 1946.04
1587703418, 3, 7, 14, 7, 0, 0.49%, 0, 0, 2, 1931.43
1587703423, 5, 11, 14, 4, 0, 0.49%, 0, 0, 2, 1847.85
1587703428, 8, 13, 14, 2, 0, 0.49%, 0, 0, 2, 1922.91
1587703433, 12, 13, 14, 0, 0, 0.49%, 0, 0, 2, 1918.37
1587703438, 21, 8, 14, 0, 0, 0.49%, 0, 0, 2, 1970.66
1587703443, 27, 0, 14, 0, 0, 0.49%, 0, 0, 2, 1967.39
1587703448, 34, 13, 14, 0, 0, 0.49%, 0, 0, 2, 1981.93
1587703453, 41, 1, 14, 0, 0, 0.49%, 0, 0, 2, 1975.64
1587703458, 48, 13, 14, 0, 0, 0.49%, 0, 0, 2, 1982.82
1587703464, 54, 13, 14, 0, 0, 0.49%, 0, 0, 2, 1982.88
1587703469, 61, 5, 14, 0, 0, 0.49%, 0, 0, 2, 1986.84
1587703474, 68, 13, 14, 0, 0, 0.49%, 0, 0, 2, 1992.46
1587703479, 75, 13, 14, 0, 0, 0.49%, 0, 0, 2, 1952.85
1587703484, 83, 2, 14, 0, 0, 0.49%, 0, 0, 2, 1960.42
1587703489, 90, 13, 14, 0, 0, 0.49%, 0, 0, 2, 1920.40
1587703495, 98, 13, 14, 0, 0, 0.49%, 0, 0, 2, 1814.13
1587703500, 104, 13, 14, 0, 0, 0.49%, 0, 0, 2, 1798.38
1587703505, 112, 0, 14, 0, 0, 0.49%, 0, 0, 2, 1818.53
1587703510, 119, 13, 14, 0, 0, 0.49%, 0, 0, 2, 1898.96
1587703515, 126, 13, 14, 0, 0, 0.49%, 0, 0, 2, 1960.22
1587703520, 134, 13, 14, 0, 0, 0.49%, 0, 0, 2, 1931.95
1587703526, 141, 13, 14, 0, 0, 0.49%, 0, 0, 2, 1975.90
1587703531, 149, 13, 14, 0, 0, 0.49%, 0, 0, 2, 1987.14
1587703536, 157, 11, 14, 0, 0, 0.49%, 0, 0, 2, 1994.92
1587703541, 161, 13, 14, 0, 0, 0.49%, 0, 0, 2, 1991.05
1587703546, 168, 0, 14, 0, 0, 0.49%, 0, 0, 2, 1997.38
1587703551, 174, 0, 14, 0, 0, 0.49%, 0, 0, 2, 1994.43
1587703556, 180, 10, 14, 0, 0, 0.49%, 0, 0, 2, 1996.80
1587703561, 186, 13, 14, 0, 0, 0.49%, 0, 0, 2, 1983.14
1587703566, 195, 13, 14, 0, 0, 0.49%, 0, 0, 2, 1992.58
1587703571, 203, 13, 14, 0, 0, 0.49%, 0, 0, 2, 1999.24
1587703576, 211, 12, 14, 0, 0, 0.49%, 0, 0, 2, 1994.25
1587703581, 217, 13, 14, 0, 0, 0.49%, 0, 0, 2, 1990.29
1587703587, 224, 13, 14, 0, 0, 0.49%, 0, 0, 2, 1994.88
1587703592, 231, 0, 14, 0, 0, 0.49%, 0, 0, 2, 1995.18
1587703597, 239, 7, 14, 0, 0, 0.49%, 0, 0, 2, 1996.83
1587703602, 246, 11, 14, 0, 0, 0.49%, 0, 0, 2, 1986.80
1587703607, 253, 0, 14, 0, 0, 0.49%, 0, 0, 2, 1990.77
1587703612, 259, 9, 14, 0, 0, 0.49%, 0, 0, 2, 1964.42
1587703617, 266, 5, 14, 0, 0, 0.49%, 0, 0, 2, 1978.91
1587703622, 273, 13, 14, 0, 0, 0.49%, 0, 0, 2, 1983.65
1587703627, 280, 13, 14, 0, 0, 0.49%, 0, 0, 2, 1976.61
1587703632, 287, 7, 14, 0, 0, 0.49%, 0, 0, 2, 1983.62
1587703638, 294, 13, 14, 0, 0, 0.49%, 0, 0, 2, 1985.15
1587703643, 301, 13, 14, 0, 0, 0.49%, 0, 0, 2, 1989.48
1587703648, 310, 13, 14, 0, 0, 0.49%, 0, 0, 2, 1994.10
1587703653, 317, 13, 14, 0, 0, 0.49%, 0, 0, 2, 1981.28
1587703658, 323, 13, 14, 0, 0, 0.49%, 0, 0, 2, 1985.42
1587703663, 330, 13, 14, 0, 0, 0.49%, 0, 0, 2, 1984.72
1587703669, 336, 3, 14, 0, 0, 0.49%, 0, 0, 2, 1987.08
1587703674, 342, 0, 14, 0, 0, 0.49%, 0, 0, 2, 1992.39
1587703679, 349, 13, 14, 0, 0, 0.49%, 0, 0, 2, 1996.26
1587703684, 355, 13, 14, 0, 0, 0.49%, 0, 0, 2, 1980.06
1587703689, 361, 13, 14, 0, 0, 0.49%, 0, 0, 2, 1987.00
1587703694, 371, 13, 14, 0, 0, 0.49%, 0, 0, 2, 2002.39
1587703699, 379, 4, 14, 0, 0, 0.49%, 0, 0, 2, 1991.56
1587703705, 386, 13, 14, 0, 0, 0.49%, 0, 0, 2, 1987.15
1587703710, 394, 7, 14, 0, 0, 0.49%, 0, 0, 2, 1994.09
1587703715, 400, 13, 14, 0, 0, 0.49%, 0, 0, 2, 1989.89
1587703720, 407, 13, 14, 0, 0, 0.49%, 0, 0, 2, 1991.03
1587703725, 413, 13, 14, 0, 0, 0.49%, 0, 0, 2, 1984.76
1587703731, 421, 0, 14, 0, 0, 0.49%, 0, 0, 2, 1919.51
1587703736, 429, 13, 14, 0, 0, 0.49%, 0, 0, 2, 1982.23
1587703741, 435, 6, 14, 0, 0, 0.49%, 0, 0, 2, 1975.08
1587703746, 442, 2, 14, 0, 0, 0.49%, 0, 0, 2, 1984.29
1587703751, 448, 13, 14, 0, 0, 0.49%, 0, 0, 2, 1993.51
1587703756, 456, 13, 14, 0, 0, 0.49%, 0, 0, 2, 1999.41
1587703761, 462, 13, 14, 0, 0, 0.49%, 0, 0, 2, 1931.44
