# unix_time, cycles_done, cur_path, paths_total, pending_total, pending_favs, map_size, unique_crashes, unique_hangs, max_depth, execs_per_sec
1581936135, 0, 0, 1, 1, 1, 6.03%, 0, 0, 1, 76.19
1581936145, 0, 0, 2, 2, 1, 6.17%, 0, 0, 2, 83.61
1581936150, 0, 0, 4, 4, 1, 6.20%, 0, 0, 2, 84.11
1581936165, 0, 1, 4, 3, 3, 6.20%, 0, 0, 2, 82.87
1581936175, 0, 1, 7, 6, 3, 6.26%, 0, 0, 3, 82.36
1581936185, 0, 2, 7, 5, 3, 6.26%, 0, 0, 3, 83.20
1581936201, 0, 2, 8, 6, 3, 6.26%, 0, 0, 3, 83.43
1581936206, 0, 2, 9, 7, 3, 6.26%, 0, 0, 3, 83.73
1581936226, 0, 4, 9, 6, 2, 6.26%, 0, 0, 3, 83.56
1581936246, 0, 6, 11, 7, 1, 6.30%, 0, 0, 4, 83.86
1581936272, 0, 9, 14, 9, 2, 6.36%, 0, 0, 5, 84.13
1581936277, 0, 9, 16, 11, 2, 6.41%, 0, 0, 5, 83.98
1581936287, 0, 9, 17, 12, 2, 6.41%, 0, 0, 5, 84.05
1581936292, 0, 9, 18, 13, 2, 6.41%, 0, 0, 5, 83.56
1581936312, 0, 10, 18, 12, 7, 6.41%, 0, 0, 5, 83.18
1581936343, 0, 11, 19, 12, 6, 6.41%, 0, 0, 6, 83.55
1581936373, 0, 12, 19, 11, 6, 6.41%, 0, 0, 6, 83.65
1581936394, 0, 12, 21, 13, 6, 6.43%, 0, 0, 6, 83.86
1581936439, 0, 13, 22, 13, 6, 6.43%, 0, 0, 6, 83.77
1581936444, 0, 13, 24, 15, 6, 6.64%, 0, 0, 6, 83.93
1581936454, 0, 13, 26, 17, 6, 6.64%, 0, 0, 6, 83.90
1581936465, 0, 13, 27, 18, 6, 6.64%, 0, 0, 6, 83.99
1581936480, 0, 14, 27, 17, 8, 6.64%, 1, 0, 6, 83.34
1581936490, 0, 14, 28, 18, 8, 6.65%, 1, 0, 6, 82.65
